              precision    recall  f1-score   support

    128-APSK       0.56      0.76      0.64        38
     128-QAM       0.65      0.97      0.78        38
     16-APSK       1.00      0.92      0.96        38
     16-HQAM       1.00      0.90      0.95        39
      16-QAM       1.00      1.00      1.00        39
     256-QAM       0.97      1.00      0.99        38
     32-APSK       0.93      0.33      0.49        39
      32-QAM       0.95      0.49      0.64        39
       4-ASK       1.00      0.97      0.99        38
      4-HQAM       1.00      1.00      1.00        38
     64-APSK       0.41      0.62      0.49        39
     64-HQAM       0.94      0.87      0.90        38
      64-QAM       1.00      1.00      1.00        39
       8-ASK       0.97      1.00      0.99        38
        BPSK       1.00      1.00      1.00        38
        QPSK       1.00      1.00      1.00        39

    accuracy                           0.86       615
   macro avg       0.90      0.86      0.86       615
weighted avg       0.90      0.86      0.86       615
