              precision    recall  f1-score   support

    128-APSK       0.24      0.37      0.29        46
     128-QAM       0.62      0.76      0.68        38
     16-APSK       0.18      0.54      0.27        46
     16-HQAM       0.24      0.08      0.12        50
      16-QAM       0.74      0.97      0.84        30
     256-QAM       1.00      1.00      1.00        37
     32-APSK       0.00      0.00      0.00        40
      32-QAM       0.36      0.13      0.19        31
       4-ASK       0.58      0.44      0.50        43
      4-HQAM       0.50      0.56      0.53        32
     64-APSK       0.19      0.07      0.11        41
     64-HQAM       0.11      0.09      0.10        32
      64-QAM       1.00      0.80      0.89        49
       8-ASK       0.56      1.00      0.72        27
        BPSK       0.94      0.75      0.84        44
        QPSK       0.89      0.55      0.68        29

    accuracy                           0.49       615
   macro avg       0.51      0.51      0.48       615
weighted avg       0.50      0.49      0.47       615
